1 100 20 16365 700.000000 1.000000
2 100 20 13071 700.000000 1.000000
3 100 20 22691 700.000000 2.000000
4 100 20 26600 700.000000 1.000000
5 100 20 841 700.000000 2.000000
1 100 20 14858 1480.000000 6.000000
2 100 20 3528 1480.000000 8.000000
3 100 20 12923 1480.000000 8.000000
4 100 20 3276 1480.000000 9.000000
5 100 20 27657 1500.000000 10.000000
1 100 20 28022 820.000000 19.000000
2 100 20 3764 820.000000 21.000000
3 100 20 29085 820.000000 21.000000
4 100 20 3942 820.000000 21.000000
5 100 20 21294 820.000000 21.000000
1 100 20 7775 2520.000000 17.000000
2 100 20 28516 2520.000000 22.000000
3 100 20 16891 2520.000000 21.000000
4 100 20 8435 2520.000000 21.000000
5 100 20 18627 2520.000000 21.000000
1 100 20 26716 3100.000000 20.000000
2 100 20 21733 3100.000000 21.000000
3 100 20 15359 3100.000000 21.000000
4 100 20 5252 3100.000000 21.000000
5 100 20 26026 3100.000000 21.000000
1 100 20 5511 24442.000000 1.000000
2 100 20 16821 24442.000000 2.000000
3 100 20 22728 24442.000000 1.000000
4 100 20 5101 24442.000000 1.000000
5 100 20 10194 24442.000000 2.000000
1 100 20 2263 1550.000000 11.000000
2 100 20 2457 1550.000000 13.000000
3 100 20 28182 1550.000000 13.000000
4 100 20 21956 1550.000000 15.000000
5 100 20 17145 1550.000000 14.000000
1 100 20 9099 1950.000000 21.000000
2 100 20 2682 1950.000000 34.000000
3 100 20 30767 1950.000000 42.000000
4 100 20 21045 1950.000000 38.000000
5 100 20 31390 1950.000000 27.000000
